8	3	192	4	4
420	180
420	180
420	180
420	180
420	180
420	180
420	180
420	180
420	180
420	180
420	180
420	180
420	180
420	180
420	180
420	180
0	34.43	-17.151	0	0	0	0	0	1000
1	0.269	-8.154	0	0	0	0	0	1000
2	3.14	13.297	0	0	0	0	0	1000
3	-3.113	-29.745	0	0	0	0	0	1000
4 	65.991	-49.829	20	10	4	1	15	396	492
5 	-36.938	-36.743	20	25	4	1	15	176	346
6 	-2.734	18.774	13	18	4	1	15	212	304
7 	31.116	-35.907	13	16	4	1	15	157	266
8 	2.789	8.008	17	14	4	1	15	345	455
9 	31.152	43.665	24	7	4	1	15	242	375
10 	-36.304	-21.307	15	9	4	1	15	383	506
11 	52.814	35.046	12	16	4	1	15	99	261
12 	11.267	20.66	20	24	4	1	15	440	592
13 	43.091	-12.36	3	22	4	1	15	280	388
14 	6.854	19.073	8	11	4	1	15	343	508
15 	-6.848	25.317	16	19	4	1	15	339	500
16 	-27.93	-23.712	20	20	4	1	15	325	471
17 	33.24	-30.487	21	20	4	1	15	437	573
18 	63.885	-52.881	23	16	4	1	15	154	307
19 	-13.672	-43.945	21	5	4	1	15	155	269
20 	-0.647	-27.502	3	21	4	1	15	290	405
21 	70.001	-20.844	7	22	4	1	15	382	545
22 	-14.386	-42.236	24	15	4	1	15	338	483
23 	19.366	30.273	3	24	4	1	15	94	197
24 	-39.789	10.101	13	20	4	1	15	98	190
25 	-15.753	-40.204	1	17	4	1	15	231	344
26 	-28.418	-40.503	5	20	4	1	15	216	349
27 	22.205	-9.216	9	23	4	1	15	150	300
28 	-0.83	-6.525	18	15	4	1	15	408	565
29 	10.217	75.531	5	19	4	1	15	276	414
30 	7.446	18.5	12	23	4	1	15	429	603
31 	48.914	-20.294	11	9	4	1	15	415	538
32 	-18.958	-29.675	17	21	4	1	15	314	469
33 	16.815	-6.659	21	17	4	1	15	344	491
34 	2.509	-30.42	5	6	4	1	15	367	486
35 	60.315	89.801	7	9	4	1	15	110	236
36 	40.405	-45.367	24	19	4	1	15	202	347
37 	-26.837	-54.272	1	17	4	1	15	298	451
38 	69.171	72.577	12	22	4	1	15	376	492
39 	-22.815	46.173	6	8	4	1	15	375	544
40 	-14.258	-30.249	5	25	4	1	15	279	416
41 	76.05	12.073	19	13	4	1	15	70	219
42 	63.043	60.022	23	1	4	1	15	174	286
43 	-20.239	-81.97	8	15	4	1	15	184	311
44 	-41.168	-42.023	1	16	4	1	15	199	292
45 	79.199	-29.016	20	20	4	1	15	354	471
46 	-20.728	-7.068	16	14	4	1	15	414	567
47 	-4.163	-53.497	8	2	4	1	15	178	268
48 	-47.125	-77.85	25	16	4	1	15	233	335
49 	-0.372	-27.264	10	1	4	1	15	125	258
50 	31.537	-8.722	24	15	4	1	15	427	535
51 	-0.134	-20.264	16	5	4	1	15	191	297
52 	66.394	-26.691	7	9	4	1	15	400	567
53 	6.104	-64.093	14	8	4	1	15	201	363
54 	13.544	-20.874	11	2	4	1	15	133	310
55 	54.211	-6.537	15	10	4	1	15	429	574
56 	22.046	-34.137	23	25	2	2	5	10	374	468
57 	-2.905	-0.305	13	14	2	2	5	10	396	549
58 	17.48	27.747	14	23	2	2	5	10	324	483
59 	-44.354	-38.202	22	13	2	2	5	10	355	454
60 	-59.399	1.514	16	15	2	2	5	10	192	367
61 	-13.452	-75.531	16	14	2	2	5	10	153	331
62 	-5.518	-51.947	2	7	2	2	5	10	194	354
63 	-9.589	-26.88	19	20	2	2	5	10	391	535
64 	19.318	29.498	23	6	2	2	5	10	334	441
65 	26.245	36.743	6	24	2	2	5	10	196	338
66 	43.707	-28.033	11	17	2	2	5	10	268	446
67 	-52.026	-35.339	19	3	2	2	5	10	197	300
68 	-8.435	-0.116	3	15	2	2	5	10	69	220
69 	6.067	-16.132	14	21	2	2	5	10	391	527
70 	27.527	-15.344	3	18	2	2	5	10	84	247
71 	42.511	32.056	18	1	2	2	5	10	444	577
72 	25.311	12.689	24	19	2	2	5	10	90	209
73 	47.778	-12.769	6	17	2	2	5	10	162	267
74 	12.482	-78.101	3	1	2	2	5	10	171	302
75 	-3.149	-55.432	18	25	2	2	5	10	142	266
76 	53.009	84.9	5	16	2	2	5	10	118	283
77 	35.638	-47.552	23	5	2	2	5	10	98	243
78 	43.427	-18.439	10	18	2	2	5	10	318	439
79 	6.598	-54.578	20	17	2	2	5	10	422	590
80 	-48.34	-26.477	15	15	2	2	5	10	255	393
81 	72.003	-9.253	19	2	2	2	5	10	439	596
82 	-37.732	3.351	4	1	2	2	5	10	474	628
83 	-16.669	-35.284	23	16	2	2	5	10	235	349
84 	10.742	-4.669	11	6	2	2	5	10	224	368
85 	15.594	-5.817	21	18	2	2	5	10	291	386
86 	21.606	-18.109	14	24	2	2	5	10	250	370
87 	94.147	-4.492	25	9	2	2	5	10	246	357
88 	10.382	-16.302	17	19	2	2	5	10	308	440
89 	-6.219	25.305	13	22	2	2	5	10	329	461
90 	-6.25	10.217	23	13	2	2	5	10	356	511
91 	-17.444	-70.795	10	20	2	2	5	10	410	532
92 	-55.09	-43.854	2	25	2	2	5	10	275	454
93 	-9.442	23.724	15	1	2	2	5	10	233	331
94 	8.978	35.406	14	24	2	2	5	10	367	534
95 	-16.754	-0.812	22	10	2	2	5	10	364	460
96 	66.852	-37.842	15	22	2	2	5	10	259	429
97 	14.716	-23.724	16	14	2	2	5	10	146	314
98 	33.472	20.026	12	12	2	2	5	10	155	245
99 	66.394	-70.111	14	23	2	2	5	10	178	310
100 	-5.664	8.881	15	14	2	2	5	10	133	300
101 	-8.826	55.743	11	25	2	2	5	10	129	240
102 	5.847	-3.186	4	5	1	4	1	2	4	8	399	562
103 	-25.726	-37.695	23	7	1	4	1	2	4	8	303	418
104 	-15.363	-24.548	13	25	1	4	1	2	4	8	330	448
105 	43.793	-11.102	22	11	1	4	1	2	4	8	394	572
106 	17.664	-25.604	17	18	1	4	1	2	4	8	259	358
107 	-39.624	54.883	2	18	1	4	1	2	4	8	267	417
108 	-24.554	-43.225	5	1	1	4	1	2	4	8	297	446
109 	34.155	-38.458	1	22	1	4	1	2	4	8	394	545
110 	-47.314	-29.468	13	7	1	4	1	2	4	8	219	378
111 	49.365	-25.592	8	3	1	4	1	2	4	8	477	648
112 	3.705	-16.449	24	18	1	4	1	2	4	8	289	410
113 	22.43	-23.273	12	8	1	4	1	2	4	8	463	584
114 	-37.549	-29.608	23	6	1	4	1	2	4	8	74	175
115 	25.549	3.674	1	7	1	4	1	2	4	8	92	213
116 	-15.216	3.284	2	20	1	4	1	2	4	8	360	523
117 	-12.939	-7.495	8	10	1	4	1	2	4	8	80	234
118 	-22.107	26.434	18	2	1	4	1	2	4	8	122	296
119 	-17.944	7.733	14	3	1	4	1	2	4	8	339	469
120 	3.503	-19.708	14	5	1	4	1	2	4	8	112	207
121 	-6.128	-39.624	9	21	1	4	1	2	4	8	442	578
122 	-2.46	12.817	15	13	1	4	1	2	4	8	144	272
123 	-6.47	8.466	10	1	1	4	1	2	4	8	265	439
124 	-37.891	-36.115	3	11	1	4	1	2	4	8	190	346
125 	10.852	-18.75	12	6	1	4	1	2	4	8	423	595
126 	50.104	8.636	6	9	1	4	1	2	4	8	91	201
127 	46.844	4.712	1	17	1	4	1	2	4	8	418	513
128 	19.598	-10.406	24	13	1	4	1	2	4	8	356	449
129 	-38.947	52.942	3	23	1	4	1	2	4	8	127	282
130 	40.906	-33.765	7	11	1	4	1	2	4	8	144	312
131 	-9.778	26.794	1	18	1	4	1	2	4	8	82	226
132 	34.265	-23.895	24	25	1	4	1	2	4	8	273	391
133 	40.088	-9.625	17	14	1	4	1	2	4	8	230	345
134 	0.122	-4.645	24	18	1	4	1	2	4	8	129	229
135 	-8.929	-43.903	23	25	1	4	1	2	4	8	331	450
136 	-7.135	-57.434	3	11	1	4	1	2	4	8	234	357
137 	7.55	-21.21	5	18	1	4	1	2	4	8	306	461
138 	3.949	7.3	22	23	1	4	1	2	4	8	344	474
139 	84.821	-24.518	23	20	1	4	1	2	4	8	182	278
140 	7.538	13.818	15	11	1	4	1	2	4	8	148	302
141 	-21.484	30.359	11	19	1	4	1	2	4	8	380	543
142 	36.047	29.883	20	13	1	4	1	2	4	8	349	462
143 	12.781	-40.942	10	24	1	4	1	2	4	8	403	497
144 	-17.291	-10.254	24	6	1	4	1	2	4	8	70	234
145 	-10.541	12.402	10	5	1	4	1	2	4	8	146	274
146 	-15.845	-59.46	6	24	1	4	1	2	4	8	106	231
147 	29.266	-2.222	22	7	1	4	1	2	4	8	205	325
148 	-12.598	-58.929	25	13	1	4	1	2	4	8	476	639
149 	-17.303	-35.297	11	25	1	4	1	2	4	8	254	364
150 	-6.195	-8.881	6	16	1	4	1	2	4	8	382	555
151 	16.98	-16.321	12	5	1	4	1	2	4	8	240	418
152 	83.71	-32.52	4	15	1	4	1	2	4	8	318	436
153 	15.057	67.004	18	15	1	4	1	2	4	8	423	597
154 	25.818	-5.835	3	9	1	4	1	2	4	8	382	487
155 	13.666	-14.832	18	19	1	4	1	2	4	8	272	442
156 	48.322	-5.164	17	15	1	4	1	2	4	8	359	496
157 	13.489	19.739	23	2	1	4	1	2	4	8	299	473
158 	-18.512	65.405	10	3	1	4	1	2	4	8	463	640
159 	17.554	38.379	22	18	1	4	1	2	4	8	443	584
160 	47.968	-30.31	16	14	1	4	1	2	4	8	381	510
161 	38.806	36.243	10	10	1	4	1	2	4	8	142	284
162 	-16.089	-42.841	10	6	1	4	1	2	4	8	373	483
163 	28.656	-1.99	9	17	1	4	1	2	4	8	469	611
164 	-5.859	-1.862	5	20	1	4	1	2	4	8	313	489
165 	60.516	63.416	9	3	1	4	1	2	4	8	123	301
166 	63.196	-47.766	12	14	1	4	1	2	4	8	209	320
167 	-15.308	-23.285	16	12	1	4	1	2	4	8	456	632
168 	-2.875	0.787	8	2	1	4	1	2	4	8	91	256
169 	-18.634	-25.665	1	16	1	4	1	2	4	8	75	213
170 	-3.632	25.433	18	18	1	4	1	2	4	8	198	298
171 	10.48	22.888	22	14	1	4	1	2	4	8	242	379
172 	56.927	-75.507	15	21	1	4	1	2	4	8	277	435
173 	13.885	-36.23	7	1	1	4	1	2	4	8	273	382
174 	32.52	-29.523	25	18	1	4	1	2	4	8	162	263
175 	11.365	-8.344	22	15	1	4	1	2	4	8	108	257
176 	17.126	-24.646	5	4	1	4	1	2	4	8	431	598
177 	-33.661	-41.241	1	18	1	4	1	2	4	8	401	534
178 	32.013	77.332	5	25	1	4	1	2	4	8	171	344
179 	13.831	-76.19	5	15	1	4	1	2	4	8	282	419
180 	-8.051	-21.179	6	6	1	4	1	2	4	8	170	282
181 	25.391	46.613	16	7	1	4	1	2	4	8	448	567
182 	49.536	-54.639	25	21	1	4	1	2	4	8	283	407
183 	2.301	-5.536	25	15	1	4	1	2	4	8	464	621
184 	52.423	29.895	17	24	1	4	1	2	4	8	251	359
185 	9.296	-16.254	11	2	1	4	1	2	4	8	468	577
186 	34.845	-96.185	24	17	1	4	1	2	4	8	390	563
187 	-21.063	-41.498	10	2	1	4	1	2	4	8	132	295
188 	28.448	10.242	12	25	1	4	1	2	4	8	282	442
189 	16.254	-22.583	17	15	1	4	1	2	4	8	123	290
190 	-36.639	-34.033	18	3	1	4	1	2	4	8	310	401
191 	-53.705	11.334	16	1	1	4	1	2	4	8	438	538
192 	26.276	-5.994	9	20	1	4	1	2	4	8	268	447
193 	-31.519	34.589	6	19	1	4	1	2	4	8	461	600
194 	-14.612	-31.506	1	2	1	4	1	2	4	8	305	440
195 	-18.524	-29.486	20	4	1	4	1	2	4	8	404	582
