8	3	144	4	4
420	180
420	180
420	180
420	180
420	180
420	180
420	180
420	180
420	180
420	180
420	180
420	180
420	180
420	180
420	180
420	180
0	34.43	-17.151	0	0	0	0	0	1000
1	0.269	-8.154	0	0	0	0	0	1000
2	3.14	13.297	0	0	0	0	0	1000
3	-3.113	-29.745	0	0	0	0	0	1000
4 	31.116	-35.907	13	16	4	1	15	157	266
5 	2.789	8.008	17	14	4	1	15	345	455
6 	-36.304	-21.307	15	9	4	1	15	383	506
7 	52.814	35.046	12	16	4	1	15	99	261
8 	11.267	20.66	20	24	4	1	15	440	592
9 	-0.623	23.114	20	6	4	1	15	213	324
10 	-6.848	25.317	16	19	4	1	15	339	500
11 	33.24	-30.487	21	20	4	1	15	437	573
12 	-13.672	-43.945	21	5	4	1	15	155	269
13 	59.406	-49.261	19	19	4	1	15	447	579
14 	27.167	-5.713	20	18	4	1	15	370	469
15 	35.327	-65.167	14	19	4	1	15	221	313
16 	-14.386	-42.236	24	15	4	1	15	338	483
17 	19.366	30.273	3	24	4	1	15	94	197
18 	-28.418	-40.503	5	20	4	1	15	216	349
19 	27.081	9.735	2	12	4	1	15	470	563
20 	22.205	-9.216	9	23	4	1	15	150	300
21 	-0.83	-6.525	18	15	4	1	15	408	565
22 	7.446	18.5	12	23	4	1	15	429	603
23 	16.815	-6.659	21	17	4	1	15	344	491
24 	15.424	4.913	5	10	4	1	15	356	503
25 	60.315	89.801	7	9	4	1	15	110	236
26 	40.405	-45.367	24	19	4	1	15	202	347
27 	-22.815	46.173	6	8	4	1	15	375	544
28 	-14.258	-30.249	5	25	4	1	15	279	416
29 	63.043	60.022	23	1	4	1	15	174	286
30 	-20.728	-7.068	16	14	4	1	15	414	567
31 	-4.163	-53.497	8	2	4	1	15	178	268
32 	-47.125	-77.85	25	16	4	1	15	233	335
33 	31.537	-8.722	24	15	4	1	15	427	535
34 	-0.134	-20.264	16	5	4	1	15	191	297
35 	22.046	-34.137	23	25	2	2	5	10	374	468
36 	-9.723	4.706	5	24	2	2	5	10	121	292
37 	-11.584	-46.857	16	7	2	2	5	10	232	333
38 	-2.905	-0.305	13	14	2	2	5	10	396	549
39 	17.48	27.747	14	23	2	2	5	10	324	483
40 	2.972	-43.689	3	21	2	2	5	10	306	473
41 	-44.354	-38.202	22	13	2	2	5	10	355	454
42 	-9.589	-26.88	19	20	2	2	5	10	391	535
43 	19.318	29.498	23	6	2	2	5	10	334	441
44 	26.245	36.743	6	24	2	2	5	10	196	338
45 	43.707	-28.033	11	17	2	2	5	10	268	446
46 	-52.026	-35.339	19	3	2	2	5	10	197	300
47 	89.111	62.122	14	6	2	2	5	10	364	486
48 	6.067	-16.132	14	21	2	2	5	10	391	527
49 	27.094	-5.103	19	25	2	2	5	10	66	185
50 	27.527	-15.344	3	18	2	2	5	10	84	247
51 	42.511	32.056	18	1	2	2	5	10	444	577
52 	25.311	12.689	24	19	2	2	5	10	90	209
53 	-3.143	-13.837	1	20	2	2	5	10	373	522
54 	12.482	-78.101	3	1	2	2	5	10	171	302
55 	-3.149	-55.432	18	25	2	2	5	10	142	266
56 	35.638	-47.552	23	5	2	2	5	10	98	243
57 	6.598	-54.578	20	17	2	2	5	10	422	590
58 	87.952	94.012	11	15	2	2	5	10	456	622
59 	39.105	-48.743	16	13	2	2	5	10	306	466
60 	-37.732	3.351	4	1	2	2	5	10	474	628
61 	-65.967	-36.749	14	9	2	2	5	10	323	455
62 	-16.669	-35.284	23	16	2	2	5	10	235	349
63 	10.742	-4.669	11	6	2	2	5	10	224	368
64 	21.606	-18.109	14	24	2	2	5	10	250	370
65 	9.784	49.28	16	24	2	2	5	10	471	616
66 	94.147	-4.492	25	9	2	2	5	10	246	357
67 	10.382	-16.302	17	19	2	2	5	10	308	440
68 	-1.453	-0.861	16	12	2	2	5	10	160	264
69 	-6.219	25.305	13	22	2	2	5	10	329	461
70 	-6.25	10.217	23	13	2	2	5	10	356	511
71 	-55.09	-43.854	2	25	2	2	5	10	275	454
72 	-9.442	23.724	15	1	2	2	5	10	233	331
73 	-16.754	-0.812	22	10	2	2	5	10	364	460
74 	14.716	-23.724	16	14	2	2	5	10	146	314
75 	66.394	-70.111	14	23	2	2	5	10	178	310
76 	-5.664	8.881	15	14	2	2	5	10	133	300
77 	-5.103	-46.729	11	23	2	2	5	10	115	265
78 	5.847	-3.186	4	5	1	4	1	2	4	8	399	562
79 	-25.726	-37.695	23	7	1	4	1	2	4	8	303	418
80 	-15.363	-24.548	13	25	1	4	1	2	4	8	330	448
81 	43.793	-11.102	22	11	1	4	1	2	4	8	394	572
82 	-24.554	-43.225	5	1	1	4	1	2	4	8	297	446
83 	34.155	-38.458	1	22	1	4	1	2	4	8	394	545
84 	-47.314	-29.468	13	7	1	4	1	2	4	8	219	378
85 	49.365	-25.592	8	3	1	4	1	2	4	8	477	648
86 	22.43	-23.273	12	8	1	4	1	2	4	8	463	584
87 	-15.216	3.284	2	20	1	4	1	2	4	8	360	523
88 	-12.939	-7.495	8	10	1	4	1	2	4	8	80	234
89 	-17.944	7.733	14	3	1	4	1	2	4	8	339	469
90 	-21.234	14.49	23	10	1	4	1	2	4	8	390	506
91 	-5.737	-28.296	24	23	1	4	1	2	4	8	411	532
92 	-6.128	-39.624	9	21	1	4	1	2	4	8	442	578
93 	50.104	8.636	6	9	1	4	1	2	4	8	91	201
94 	40.906	-33.765	7	11	1	4	1	2	4	8	144	312
95 	-9.778	26.794	1	18	1	4	1	2	4	8	82	226
96 	61.877	-15.167	5	5	1	4	1	2	4	8	227	369
97 	40.088	-9.625	17	14	1	4	1	2	4	8	230	345
98 	0.122	-4.645	24	18	1	4	1	2	4	8	129	229
99 	-8.929	-43.903	23	25	1	4	1	2	4	8	331	450
100 	-7.135	-57.434	3	11	1	4	1	2	4	8	234	357
101 	7.55	-21.21	5	18	1	4	1	2	4	8	306	461
102 	3.949	7.3	22	23	1	4	1	2	4	8	344	474
103 	-15.118	92.023	9	22	1	4	1	2	4	8	429	583
104 	84.821	-24.518	23	20	1	4	1	2	4	8	182	278
105 	-52.325	30.682	15	11	1	4	1	2	4	8	61	152
106 	36.047	29.883	20	13	1	4	1	2	4	8	349	462
107 	12.781	-40.942	10	24	1	4	1	2	4	8	403	497
108 	-10.541	12.402	10	5	1	4	1	2	4	8	146	274
109 	29.266	-2.222	22	7	1	4	1	2	4	8	205	325
110 	-12.598	-58.929	25	13	1	4	1	2	4	8	476	639
111 	57.05	-50.354	6	15	1	4	1	2	4	8	123	275
112 	16.98	-16.321	12	5	1	4	1	2	4	8	240	418
113 	83.71	-32.52	4	15	1	4	1	2	4	8	318	436
114 	15.057	67.004	18	15	1	4	1	2	4	8	423	597
115 	48.322	-5.164	17	15	1	4	1	2	4	8	359	496
116 	13.489	19.739	23	2	1	4	1	2	4	8	299	473
117 	-18.512	65.405	10	3	1	4	1	2	4	8	463	640
118 	17.554	38.379	22	18	1	4	1	2	4	8	443	584
119 	37.775	-16.003	5	20	1	4	1	2	4	8	238	394
120 	-16.089	-42.841	10	6	1	4	1	2	4	8	373	483
121 	28.656	-1.99	9	17	1	4	1	2	4	8	469	611
122 	-5.859	-1.862	5	20	1	4	1	2	4	8	313	489
123 	60.516	63.416	9	3	1	4	1	2	4	8	123	301
124 	63.196	-47.766	12	14	1	4	1	2	4	8	209	320
125 	-15.308	-23.285	16	12	1	4	1	2	4	8	456	632
126 	-2.875	0.787	8	2	1	4	1	2	4	8	91	256
127 	32.056	-10.175	1	11	1	4	1	2	4	8	329	421
128 	-3.632	25.433	18	18	1	4	1	2	4	8	198	298
129 	-25.275	-12.183	4	12	1	4	1	2	4	8	225	322
130 	13.885	-36.23	7	1	1	4	1	2	4	8	273	382
131 	32.52	-29.523	25	18	1	4	1	2	4	8	162	263
132 	4.803	-7.288	3	17	1	4	1	2	4	8	307	453
133 	17.126	-24.646	5	4	1	4	1	2	4	8	431	598
134 	-33.661	-41.241	1	18	1	4	1	2	4	8	401	534
135 	-32.391	-50.885	9	22	1	4	1	2	4	8	254	431
136 	23.041	-14.496	16	16	1	4	1	2	4	8	342	477
137 	-21.857	-39.502	23	14	1	4	1	2	4	8	468	609
138 	13.831	-76.19	5	15	1	4	1	2	4	8	282	419
139 	49.536	-54.639	25	21	1	4	1	2	4	8	283	407
140 	2.301	-5.536	25	15	1	4	1	2	4	8	464	621
141 	9.296	-16.254	11	2	1	4	1	2	4	8	468	577
142 	34.845	-96.185	24	17	1	4	1	2	4	8	390	563
143 	-36.639	-34.033	18	3	1	4	1	2	4	8	310	401
144 	26.276	-5.994	9	20	1	4	1	2	4	8	268	447
145 	-14.612	-31.506	1	2	1	4	1	2	4	8	305	440
146 	-4.242	-30.865	4	9	1	4	1	2	4	8	298	471
147 	-17.133	-19.397	19	16	1	4	1	2	4	8	194	345
