8	3	173	6	6
425	170
425	170
425	170
425	170
425	170
425	170
425	170
425	170
425	170
425	170
425	170
425	170
425	170
425	170
425	170
425	170
425	170
425	170
425	170
425	170
425	170
425	170
425	170
425	170
425	170
425	170
425	170
425	170
425	170
425	170
425	170
425	170
425	170
425	170
425	170
425	170
0	-40.198	-12.781	0	0	0	0	0	1000
1	-40.488	-35.864	0	0	0	0	0	1000
2	-1.193	2.515	0	0	0	0	0	1000
3	18.329	-35.468	0	0	0	0	0	1000
4	23.746	-0.522	0	0	0	0	0	1000
5	-46.396	-39.923	0	0	0	0	0	1000
6 	12.805	1.886	15	10	6	1	63	404	527
7 	18.213	1.373	7	21	6	1	63	262	367
8 	57.947	-48.779	10	8	6	1	63	238	340
9 	60.797	-32.593	11	10	6	1	63	156	249
10 	25.385	22.986	14	21	6	1	63	257	356
11 	25.513	-52.985	15	16	6	1	63	473	566
12 	-49.261	-41.718	8	21	6	1	63	236	406
13 	-37.561	-41.73	5	3	6	1	63	208	365
14 	-14.52	48.962	17	24	6	1	63	115	222
15 	-21.863	0.916	3	4	6	1	63	75	188
16 	-7.776	44.348	14	5	6	1	63	260	436
17 	-87.079	-52.899	14	10	6	1	63	64	188
18 	11.865	5.261	2	1	6	1	63	398	512
19 	-22.803	5.658	15	16	6	1	63	363	509
20 	-51.904	9.412	18	6	6	1	63	159	288
21 	12.732	-40.967	15	18	6	1	63	209	315
22 	-30.988	7.654	7	11	6	1	63	413	589
23 	37.512	0.458	4	15	6	1	63	272	411
24 	-52.484	9.711	2	1	6	1	63	68	245
25 	33.936	-48.718	4	1	6	1	63	457	560
26 	-13.129	-53.601	11	18	6	1	63	159	289
27 	-14.032	-19.818	18	22	6	1	63	270	439
28 	-24.677	16.608	9	14	6	1	63	442	577
29 	-10.26	-81.769	23	4	6	1	63	464	578
30 	-11.603	42.908	9	16	6	1	63	69	233
31 	66.852	1.135	13	14	6	1	63	423	538
32 	6.866	-1.416	3	23	6	1	63	196	368
33 	51.672	-26.343	9	10	6	1	63	346	483
34 	-56.537	-42.334	11	4	6	1	63	80	194
35 	1.099	-14.624	14	18	6	1	63	439	552
36 	-23.669	-15.289	5	25	6	1	63	478	625
37 	-34.277	-1.41	18	17	6	1	63	353	490
38 	-64.178	63.812	22	11	6	1	63	388	557
39 	-33.71	8.38	11	9	6	1	63	110	233
40 	-38.861	42.114	1	14	6	1	63	86	230
41 	-92.731	44.885	25	7	6	1	63	76	205
42 	-67.139	-67.078	13	22	6	1	63	354	523
43 	77.008	-6.097	16	24	6	1	63	445	537
44 	-54.81	-1.935	2	13	6	1	63	106	199
45 	34.473	25.391	19	2	6	1	63	171	263
46 	29.523	18.347	19	23	6	1	63	422	525
47 	42.151	-25.58	19	25	3	2	21	42	330	446
48 	82.202	85.828	25	25	3	2	21	42	295	460
49 	-47.766	-35.59	24	20	3	2	21	42	159	280
50 	62.006	-1.453	25	4	3	2	21	42	299	416
51 	60.297	52.637	18	12	3	2	21	42	460	564
52 	-47.827	-45.203	21	1	3	2	21	42	110	206
53 	-31.128	-93.848	21	24	3	2	21	42	362	453
54 	-8.386	-2.264	11	12	3	2	21	42	139	252
55 	35.834	13.147	2	2	3	2	21	42	288	396
56 	29.315	54.468	4	22	3	2	21	42	440	547
57 	48.352	-8.783	3	3	3	2	21	42	396	563
58 	-16.62	-55.389	20	16	3	2	21	42	190	351
59 	-12.878	-2.039	15	25	3	2	21	42	269	437
60 	91.858	5.542	19	9	3	2	21	42	470	610
61 	33.844	27.875	1	24	3	2	21	42	470	634
62 	98.431	31.348	2	19	3	2	21	42	394	540
63 	-43.89	13.007	24	10	3	2	21	42	188	357
64 	37.585	49.768	6	23	3	2	21	42	370	539
65 	-23.56	-32.52	14	25	3	2	21	42	81	236
66 	43.915	-2.985	13	23	3	2	21	42	467	616
67 	-83.954	2.179	4	2	3	2	21	42	187	359
68 	11.09	-40.942	17	24	3	2	21	42	274	437
69 	81.329	-44.244	15	21	3	2	21	42	162	253
70 	-51.483	-23.248	17	21	3	2	21	42	273	425
71 	-0.647	-46.057	4	3	3	2	21	42	182	358
72 	68.219	-66.986	25	17	3	2	21	42	431	579
73 	-15.149	-25.482	11	19	3	2	21	42	396	517
74 	36.176	-10.431	17	21	3	2	21	42	477	635
75 	-23.639	-47.681	2	21	3	2	21	42	450	541
76 	-14.722	32.684	7	6	3	2	21	42	135	280
77 	16.821	-12.72	16	8	3	2	21	42	395	490
78 	40.344	-24.176	12	13	3	2	21	42	213	362
79 	5.53	-4.901	7	7	3	2	21	42	400	544
80 	-78.015	1.27	19	11	3	2	21	42	264	439
81 	49.249	-30.896	17	10	3	2	21	42	331	463
82 	-62.195	-21.399	8	25	3	2	21	42	148	273
83 	1.727	-70.221	10	17	3	2	21	42	478	652
84 	-15.521	16.425	8	18	3	2	21	42	124	224
85 	-31.604	-60.938	6	21	3	2	21	42	83	254
86 	-30.328	-0.58	14	18	2	3	9	18	36	319	446
87 	52.655	29.034	13	5	2	3	9	18	36	108	264
88 	41.632	43.048	13	17	2	3	9	18	36	110	274
89 	8.508	-2.539	20	12	2	3	9	18	36	240	405
90 	31.512	-8.978	14	14	2	3	9	18	36	472	649
91 	-3.339	-36.243	6	3	2	3	9	18	36	256	356
92 	-26.379	13.776	4	7	2	3	9	18	36	231	407
93 	28.43	10.571	13	21	2	3	9	18	36	258	429
94 	5.975	27.289	1	7	2	3	9	18	36	466	562
95 	-32.135	-45.068	9	5	2	3	9	18	36	446	576
96 	-39.612	-33.594	4	18	2	3	9	18	36	276	427
97 	-19.22	-5.133	12	19	2	3	9	18	36	458	590
98 	-10.114	69.977	20	22	2	3	9	18	36	183	325
99 	22.894	-44.348	20	13	2	3	9	18	36	111	279
100 	-34.741	0.58	14	10	2	3	9	18	36	298	411
101 	-44.952	-77.734	11	4	2	3	9	18	36	441	592
102 	-23.749	-56.012	1	17	2	3	9	18	36	97	265
103 	69.073	-97.125	5	2	2	3	9	18	36	86	254
104 	12.17	-59.869	1	18	2	3	9	18	36	297	418
105 	47.339	17.365	14	2	2	3	9	18	36	208	299
106 	39.215	-29.773	21	24	2	3	9	18	36	419	577
107 	-42.316	-60.602	9	25	2	3	9	18	36	325	487
108 	11.737	-83.173	7	7	2	3	9	18	36	240	380
109 	-40.582	-53.247	15	23	2	3	9	18	36	426	581
110 	-6.421	21.967	21	21	2	3	9	18	36	66	242
111 	-31.268	-34.613	4	18	2	3	9	18	36	345	476
112 	-3.668	-26.868	21	21	2	3	9	18	36	91	181
113 	-95.892	-86.322	16	16	2	3	9	18	36	157	251
114 	88.983	-53.387	21	22	2	3	9	18	36	435	566
115 	-55.048	-32.538	7	11	2	3	9	18	36	433	552
116 	40.918	-36.09	6	10	2	3	9	18	36	144	242
117 	-58.35	15.814	23	15	2	3	9	18	36	117	240
118 	-52.161	-74.725	18	23	2	3	9	18	36	123	243
119 	-66.772	-34.943	6	7	2	3	9	18	36	248	415
120 	-8.649	31.708	14	21	2	3	9	18	36	86	211
121 	-26.166	-56.152	14	11	2	3	9	18	36	311	401
122 	-39.874	-53.375	22	2	2	3	9	18	36	373	473
123 	-2.911	36.2	13	17	2	3	9	18	36	84	247
124 	-53.253	14.099	21	10	2	3	9	18	36	443	613
125 	-19.061	-56.921	11	4	2	3	9	18	36	207	380
126 	25.189	-21.045	10	1	2	3	9	18	36	103	219
127 	2.344	-16.516	2	22	2	3	9	18	36	311	472
128 	-48.621	-12.39	12	25	2	3	9	18	36	65	198
129 	16.016	11.169	1	18	2	3	9	18	36	459	568
130 	-6.885	24.884	12	4	2	3	9	18	36	199	357
131 	-4.803	21.674	15	1	2	3	9	18	36	383	517
132 	31.293	-39.905	20	4	2	3	9	18	36	416	555
133 	-59.277	39.667	20	15	1	6	1	2	4	8	16	32	463	591
134 	-10.651	54.431	16	21	1	6	1	2	4	8	16	32	129	259
135 	-3.76	59.875	4	4	1	6	1	2	4	8	16	32	165	286
136 	4.468	-36.133	5	5	1	6	1	2	4	8	16	32	355	515
137 	47.04	-41.254	24	15	1	6	1	2	4	8	16	32	313	407
138 	29.938	-58.71	21	25	1	6	1	2	4	8	16	32	192	355
139 	-70.569	-7.037	7	15	1	6	1	2	4	8	16	32	135	297
140 	56.262	1.819	24	7	1	6	1	2	4	8	16	32	94	262
141 	46.21	-53.522	22	19	1	6	1	2	4	8	16	32	472	567
142 	-34.54	-39.502	6	13	1	6	1	2	4	8	16	32	324	427
143 	-50.537	28.357	4	24	1	6	1	2	4	8	16	32	171	306
144 	-61.444	-10.901	14	4	1	6	1	2	4	8	16	32	357	480
145 	-30.823	17.902	18	13	1	6	1	2	4	8	16	32	96	234
146 	49.658	24.469	16	6	1	6	1	2	4	8	16	32	380	528
147 	-18.939	57.69	24	12	1	6	1	2	4	8	16	32	376	495
148 	-7.599	37.03	19	4	1	6	1	2	4	8	16	32	282	386
149 	27.435	17.554	11	25	1	6	1	2	4	8	16	32	301	461
150 	45.526	-5.127	9	25	1	6	1	2	4	8	16	32	246	381
151 	-33.551	-25.586	3	14	1	6	1	2	4	8	16	32	329	467
152 	-4.645	53.754	1	25	1	6	1	2	4	8	16	32	353	488
153 	-41.119	-13.361	10	13	1	6	1	2	4	8	16	32	63	185
154 	-6.818	-19.873	14	24	1	6	1	2	4	8	16	32	309	410
155 	52.966	51.41	24	5	1	6	1	2	4	8	16	32	435	611
156 	-28.662	-50.94	16	12	1	6	1	2	4	8	16	32	235	341
157 	36.884	-17.371	9	5	1	6	1	2	4	8	16	32	143	280
158 	-19.659	42.035	20	24	1	6	1	2	4	8	16	32	433	558
159 	-44.574	-44.055	15	24	1	6	1	2	4	8	16	32	284	405
160 	-28.058	-59.436	6	10	1	6	1	2	4	8	16	32	65	191
161 	-7.953	4.639	24	13	1	6	1	2	4	8	16	32	425	578
162 	4.388	-38.489	16	3	1	6	1	2	4	8	16	32	327	434
163 	-20.343	-11.182	11	11	1	6	1	2	4	8	16	32	99	270
164 	40.576	-54.492	22	14	1	6	1	2	4	8	16	32	247	406
165 	31.952	-25.421	23	21	1	6	1	2	4	8	16	32	304	435
166 	-57.434	38.525	12	14	1	6	1	2	4	8	16	32	124	249
167 	47.51	-42.035	23	15	1	6	1	2	4	8	16	32	214	378
168 	-28.143	-41.614	25	3	1	6	1	2	4	8	16	32	452	612
169 	-27.167	-27.936	25	15	1	6	1	2	4	8	16	32	325	500
170 	-24.048	-47.192	1	21	1	6	1	2	4	8	16	32	278	405
171 	-62.036	-43.439	21	18	1	6	1	2	4	8	16	32	446	605
172 	-71.936	-20.16	11	15	1	6	1	2	4	8	16	32	244	419
173 	-66.504	-39.789	6	19	1	6	1	2	4	8	16	32	188	332
174 	14.587	48.444	14	9	1	6	1	2	4	8	16	32	370	474
175 	6.512	-46.124	9	13	1	6	1	2	4	8	16	32	249	388
176 	16.04	16.681	19	1	1	6	1	2	4	8	16	32	244	404
177 	7.745	-75.378	17	11	1	6	1	2	4	8	16	32	84	188
178 	-27.173	-4.462	15	25	1	6	1	2	4	8	16	32	387	493
