8	3	230	6	6
425	170
425	170
425	170
425	170
425	170
425	170
425	170
425	170
425	170
425	170
425	170
425	170
425	170
425	170
425	170
425	170
425	170
425	170
425	170
425	170
425	170
425	170
425	170
425	170
425	170
425	170
425	170
425	170
425	170
425	170
425	170
425	170
425	170
425	170
425	170
425	170
0	-40.198	-12.781	0	0	0	0	0	1000
1	-40.488	-35.864	0	0	0	0	0	1000
2	-1.193	2.515	0	0	0	0	0	1000
3	18.329	-35.468	0	0	0	0	0	1000
4	23.746	-0.522	0	0	0	0	0	1000
5	-46.396	-39.923	0	0	0	0	0	1000
6 	12.805	1.886	15	10	6	1	63	404	527
7 	18.213	1.373	7	21	6	1	63	262	367
8 	57.947	-48.779	10	8	6	1	63	238	340
9 	-52.429	-84.088	20	23	6	1	63	419	559
10 	60.797	-32.593	11	10	6	1	63	156	249
11 	25.385	22.986	14	21	6	1	63	257	356
12 	25.513	-52.985	15	16	6	1	63	473	566
13 	-49.261	-41.718	8	21	6	1	63	236	406
14 	-37.561	-41.73	5	3	6	1	63	208	365
15 	-14.52	48.962	17	24	6	1	63	115	222
16 	-48.181	-16.284	8	18	6	1	63	465	617
17 	20.801	10.76	3	13	6	1	63	207	305
18 	-29.712	-46.326	6	13	6	1	63	392	517
19 	-20.203	-59.564	23	14	6	1	63	445	541
20 	-87.079	-52.899	14	10	6	1	63	64	188
21 	3.046	-6.305	1	3	6	1	63	159	329
22 	-24.072	-55.927	17	11	6	1	63	268	384
23 	-22.803	5.658	15	16	6	1	63	363	509
24 	-51.904	9.412	18	6	6	1	63	159	288
25 	12.732	-40.967	15	18	6	1	63	209	315
26 	-30.988	7.654	7	11	6	1	63	413	589
27 	37.512	0.458	4	15	6	1	63	272	411
28 	2.954	-8.563	24	17	6	1	63	331	422
29 	0.549	3.644	18	17	6	1	63	463	572
30 	-52.484	9.711	2	1	6	1	63	68	245
31 	33.936	-48.718	4	1	6	1	63	457	560
32 	-13.129	-53.601	11	18	6	1	63	159	289
33 	6.439	-3.516	15	21	6	1	63	266	399
34 	-14.032	-19.818	18	22	6	1	63	270	439
35 	-24.677	16.608	9	14	6	1	63	442	577
36 	-10.26	-81.769	23	4	6	1	63	464	578
37 	-11.603	42.908	9	16	6	1	63	69	233
38 	66.852	1.135	13	14	6	1	63	423	538
39 	6.866	-1.416	3	23	6	1	63	196	368
40 	1.66	-2.234	6	1	6	1	63	353	511
41 	37.561	11.45	18	21	6	1	63	113	279
42 	51.672	-26.343	9	10	6	1	63	346	483
43 	-37.982	-6.36	19	6	6	1	63	197	294
44 	-56.238	-3.076	15	23	6	1	63	168	303
45 	-23.669	-15.289	5	25	6	1	63	478	625
46 	-64.178	63.812	22	11	6	1	63	388	557
47 	-47.083	-20.386	13	20	6	1	63	460	627
48 	-33.71	8.38	11	9	6	1	63	110	233
49 	34.29	26.031	11	23	6	1	63	165	323
50 	-92.731	44.885	25	7	6	1	63	76	205
51 	25.726	-25.836	7	4	6	1	63	94	265
52 	-40.985	-16.895	2	14	6	1	63	357	511
53 	77.008	-6.097	16	24	6	1	63	445	537
54 	-54.81	-1.935	2	13	6	1	63	106	199
55 	-53.943	-29.663	1	9	6	1	63	169	342
56 	34.473	25.391	19	2	6	1	63	171	263
57 	27.814	6.512	1	13	6	1	63	342	488
58 	42.151	-25.58	19	25	3	2	21	42	330	446
59 	82.202	85.828	25	25	3	2	21	42	295	460
60 	-47.766	-35.59	24	20	3	2	21	42	159	280
61 	62.006	-1.453	25	4	3	2	21	42	299	416
62 	-43.372	-7.379	3	7	3	2	21	42	311	416
63 	60.297	52.637	18	12	3	2	21	42	460	564
64 	-96.155	34.1	18	5	3	2	21	42	202	296
65 	-32.806	-3.845	9	8	3	2	21	42	436	610
66 	-47.827	-45.203	21	1	3	2	21	42	110	206
67 	-17.01	-21.857	21	23	3	2	21	42	383	520
68 	-8.386	-2.264	11	12	3	2	21	42	139	252
69 	35.834	13.147	2	2	3	2	21	42	288	396
70 	29.315	54.468	4	22	3	2	21	42	440	547
71 	48.352	-8.783	3	3	3	2	21	42	396	563
72 	-2.93	27.039	8	12	3	2	21	42	129	271
73 	-16.62	-55.389	20	16	3	2	21	42	190	351
74 	-40.851	-47.742	23	8	3	2	21	42	234	355
75 	-12.878	-2.039	15	25	3	2	21	42	269	437
76 	-51.776	7.281	3	6	3	2	21	42	224	326
77 	91.858	5.542	19	9	3	2	21	42	470	610
78 	33.844	27.875	1	24	3	2	21	42	470	634
79 	98.431	31.348	2	19	3	2	21	42	394	540
80 	-57.751	-27.753	3	9	3	2	21	42	116	208
81 	-43.89	13.007	24	10	3	2	21	42	188	357
82 	37.585	49.768	6	23	3	2	21	42	370	539
83 	-3.687	7.373	14	2	3	2	21	42	72	229
84 	-98.242	61.658	22	5	3	2	21	42	94	217
85 	-23.56	-32.52	14	25	3	2	21	42	81	236
86 	43.915	-2.985	13	23	3	2	21	42	467	616
87 	71.509	11.652	19	23	3	2	21	42	204	381
88 	-43.011	-38.702	6	13	3	2	21	42	378	483
89 	-83.954	2.179	4	2	3	2	21	42	187	359
90 	27.173	-13.33	17	22	3	2	21	42	237	378
91 	-22.345	-78.278	21	15	3	2	21	42	133	303
92 	-38.727	-33.588	8	12	3	2	21	42	471	591
93 	-1.227	-28.668	7	17	3	2	21	42	407	497
94 	81.329	-44.244	15	21	3	2	21	42	162	253
95 	51.904	19.891	5	10	3	2	21	42	323	470
96 	-34.973	-27.856	6	4	3	2	21	42	416	524
97 	-51.483	-23.248	17	21	3	2	21	42	273	425
98 	-0.647	-46.057	4	3	3	2	21	42	182	358
99 	68.219	-66.986	25	17	3	2	21	42	431	579
100 	-15.149	-25.482	11	19	3	2	21	42	396	517
101 	22.412	-34.375	17	10	3	2	21	42	330	428
102 	36.176	-10.431	17	21	3	2	21	42	477	635
103 	-23.639	-47.681	2	21	3	2	21	42	450	541
104 	-14.722	32.684	7	6	3	2	21	42	135	280
105 	16.821	-12.72	16	8	3	2	21	42	395	490
106 	5.53	-4.901	7	7	3	2	21	42	400	544
107 	51.569	-45.673	16	18	3	2	21	42	260	435
108 	49.249	-30.896	17	10	3	2	21	42	331	463
109 	1.727	-70.221	10	17	3	2	21	42	478	652
110 	1.361	-3.564	20	20	3	2	21	42	347	465
111 	-15.521	16.425	8	18	3	2	21	42	124	224
112 	-46.997	-55.56	5	14	3	2	21	42	388	493
113 	2.301	5.536	23	2	2	3	9	18	36	404	569
114 	-30.328	-0.58	14	18	2	3	9	18	36	319	446
115 	-16.821	17.664	23	10	2	3	9	18	36	387	505
116 	52.655	29.034	13	5	2	3	9	18	36	108	264
117 	-11.993	-83.771	12	15	2	3	9	18	36	142	258
118 	41.632	43.048	13	17	2	3	9	18	36	110	274
119 	8.508	-2.539	20	12	2	3	9	18	36	240	405
120 	31.512	-8.978	14	14	2	3	9	18	36	472	649
121 	-3.339	-36.243	6	3	2	3	9	18	36	256	356
122 	-26.379	13.776	4	7	2	3	9	18	36	231	407
123 	28.43	10.571	13	21	2	3	9	18	36	258	429
124 	5.975	27.289	1	7	2	3	9	18	36	466	562
125 	-32.135	-45.068	9	5	2	3	9	18	36	446	576
126 	28.198	-29.755	7	13	2	3	9	18	36	246	424
127 	-39.612	-33.594	4	18	2	3	9	18	36	276	427
128 	-19.22	-5.133	12	19	2	3	9	18	36	458	590
129 	-10.114	69.977	20	22	2	3	9	18	36	183	325
130 	22.894	-44.348	20	13	2	3	9	18	36	111	279
131 	-34.741	0.58	14	10	2	3	9	18	36	298	411
132 	-44.952	-77.734	11	4	2	3	9	18	36	441	592
133 	-23.749	-56.012	1	17	2	3	9	18	36	97	265
134 	69.073	-97.125	5	2	2	3	9	18	36	86	254
135 	12.17	-59.869	1	18	2	3	9	18	36	297	418
136 	47.339	17.365	14	2	2	3	9	18	36	208	299
137 	-4.706	14.056	19	18	2	3	9	18	36	92	271
138 	-52.374	-50.244	16	13	2	3	9	18	36	281	445
139 	39.215	-29.773	21	24	2	3	9	18	36	419	577
140 	-42.316	-60.602	9	25	2	3	9	18	36	325	487
141 	19.135	41.15	1	2	2	3	9	18	36	387	551
142 	-54.706	-17.596	18	2	2	3	9	18	36	380	482
143 	11.737	-83.173	7	7	2	3	9	18	36	240	380
144 	-40.582	-53.247	15	23	2	3	9	18	36	426	581
145 	-6.421	21.967	21	21	2	3	9	18	36	66	242
146 	-31.268	-34.613	4	18	2	3	9	18	36	345	476
147 	-3.668	-26.868	21	21	2	3	9	18	36	91	181
148 	13.409	-22.302	10	23	2	3	9	18	36	202	331
149 	-95.892	-86.322	16	16	2	3	9	18	36	157	251
150 	88.983	-53.387	21	22	2	3	9	18	36	435	566
151 	-55.048	-32.538	7	11	2	3	9	18	36	433	552
152 	40.918	-36.09	6	10	2	3	9	18	36	144	242
153 	-58.35	15.814	23	15	2	3	9	18	36	117	240
154 	-52.161	-74.725	18	23	2	3	9	18	36	123	243
155 	-66.772	-34.943	6	7	2	3	9	18	36	248	415
156 	-33.374	-62.024	6	1	2	3	9	18	36	100	231
157 	-8.649	31.708	14	21	2	3	9	18	36	86	211
158 	-26.166	-56.152	14	11	2	3	9	18	36	311	401
159 	-39.874	-53.375	22	2	2	3	9	18	36	373	473
160 	-96.924	8.411	25	25	2	3	9	18	36	229	321
161 	-2.911	36.2	13	17	2	3	9	18	36	84	247
162 	-53.253	14.099	21	10	2	3	9	18	36	443	613
163 	-6.525	11.975	18	2	2	3	9	18	36	275	387
164 	16.425	33.221	18	12	2	3	9	18	36	249	348
165 	-19.061	-56.921	11	4	2	3	9	18	36	207	380
166 	25.189	-21.045	10	1	2	3	9	18	36	103	219
167 	37.854	-5.524	15	1	2	3	9	18	36	184	326
168 	-16.479	48.657	3	6	2	3	9	18	36	142	244
169 	2.344	-16.516	2	22	2	3	9	18	36	311	472
170 	-48.621	-12.39	12	25	2	3	9	18	36	65	198
171 	-42.621	-50.006	18	21	2	3	9	18	36	265	444
172 	-6.885	24.884	12	4	2	3	9	18	36	199	357
173 	-4.803	21.674	15	1	2	3	9	18	36	383	517
174 	7.037	-45.337	22	18	2	3	9	18	36	335	433
175 	31.293	-39.905	20	4	2	3	9	18	36	416	555
176 	14.984	26.172	16	4	2	3	9	18	36	318	416
177 	33.203	-52.289	11	5	2	3	9	18	36	310	476
178 	-59.277	39.667	20	15	1	6	1	2	4	8	16	32	463	591
179 	30.054	-36.823	13	5	1	6	1	2	4	8	16	32	251	350
180 	9.351	-39.044	9	22	1	6	1	2	4	8	16	32	98	255
181 	20.856	-26.465	7	17	1	6	1	2	4	8	16	32	437	573
182 	19.617	17.865	21	8	1	6	1	2	4	8	16	32	232	359
183 	-36.981	-92.95	18	4	1	6	1	2	4	8	16	32	175	301
184 	-3.76	59.875	4	4	1	6	1	2	4	8	16	32	165	286
185 	4.468	-36.133	5	5	1	6	1	2	4	8	16	32	355	515
186 	29.938	-58.71	21	25	1	6	1	2	4	8	16	32	192	355
187 	56.262	1.819	24	7	1	6	1	2	4	8	16	32	94	262
188 	46.21	-53.522	22	19	1	6	1	2	4	8	16	32	472	567
189 	6.366	-14.264	1	11	1	6	1	2	4	8	16	32	276	430
190 	-50.537	28.357	4	24	1	6	1	2	4	8	16	32	171	306
191 	-61.444	-10.901	14	4	1	6	1	2	4	8	16	32	357	480
192 	-30.823	17.902	18	13	1	6	1	2	4	8	16	32	96	234
193 	49.658	24.469	16	6	1	6	1	2	4	8	16	32	380	528
194 	-18.939	57.69	24	12	1	6	1	2	4	8	16	32	376	495
195 	-22.449	15.771	19	4	1	6	1	2	4	8	16	32	105	242
196 	-7.599	37.03	19	4	1	6	1	2	4	8	16	32	282	386
197 	45.526	-5.127	9	25	1	6	1	2	4	8	16	32	246	381
198 	-4.645	53.754	1	25	1	6	1	2	4	8	16	32	353	488
199 	23.01	-45.703	19	13	1	6	1	2	4	8	16	32	266	397
200 	17.23	5.096	14	11	1	6	1	2	4	8	16	32	159	321
201 	-6.818	-19.873	14	24	1	6	1	2	4	8	16	32	309	410
202 	52.966	51.41	24	5	1	6	1	2	4	8	16	32	435	611
203 	69.684	-51.52	6	4	1	6	1	2	4	8	16	32	406	552
204 	36.884	-17.371	9	5	1	6	1	2	4	8	16	32	143	280
205 	-19.659	42.035	20	24	1	6	1	2	4	8	16	32	433	558
206 	72.125	65.405	21	17	1	6	1	2	4	8	16	32	207	354
207 	-71.368	59.863	8	4	1	6	1	2	4	8	16	32	469	636
208 	18.317	-37.75	11	1	1	6	1	2	4	8	16	32	325	480
209 	18.121	0.482	13	19	1	6	1	2	4	8	16	32	351	461
210 	-1.105	-30.676	24	7	1	6	1	2	4	8	16	32	135	312
211 	-44.574	-44.055	15	24	1	6	1	2	4	8	16	32	284	405
212 	-28.058	-59.436	6	10	1	6	1	2	4	8	16	32	65	191
213 	-7.953	4.639	24	13	1	6	1	2	4	8	16	32	425	578
214 	-37.366	-28.528	3	24	1	6	1	2	4	8	16	32	108	268
215 	4.388	-38.489	16	3	1	6	1	2	4	8	16	32	327	434
216 	-44.592	-35.333	24	14	1	6	1	2	4	8	16	32	345	445
217 	-56.714	-39.252	19	2	1	6	1	2	4	8	16	32	75	199
218 	13.452	-32.159	5	24	1	6	1	2	4	8	16	32	310	411
219 	-20.343	-11.182	11	11	1	6	1	2	4	8	16	32	99	270
220 	-57.434	38.525	12	14	1	6	1	2	4	8	16	32	124	249
221 	47.51	-42.035	23	15	1	6	1	2	4	8	16	32	214	378
222 	-28.143	-41.614	25	3	1	6	1	2	4	8	16	32	452	612
223 	-2.258	-5.078	3	15	1	6	1	2	4	8	16	32	154	287
224 	-27.167	-27.936	25	15	1	6	1	2	4	8	16	32	325	500
225 	-24.048	-47.192	1	21	1	6	1	2	4	8	16	32	278	405
226 	-77.521	-55.084	16	17	1	6	1	2	4	8	16	32	164	257
227 	-62.036	-43.439	21	18	1	6	1	2	4	8	16	32	446	605
228 	-71.936	-20.16	11	15	1	6	1	2	4	8	16	32	244	419
229 	-66.504	-39.789	6	19	1	6	1	2	4	8	16	32	188	332
230 	14.587	48.444	14	9	1	6	1	2	4	8	16	32	370	474
231 	31.366	-29.462	23	10	1	6	1	2	4	8	16	32	354	475
232 	6.512	-46.124	9	13	1	6	1	2	4	8	16	32	249	388
233 	9.65	39.508	8	25	1	6	1	2	4	8	16	32	385	523
234 	16.04	16.681	19	1	1	6	1	2	4	8	16	32	244	404
235 	-27.173	-4.462	15	25	1	6	1	2	4	8	16	32	387	493
